      0/99     2.03G   0.05555   0.01995         0    0.0755        29       640     0.159    0.3232    0.1121   0.02283   0.06254    0.0181         0
      1/99     13.7G   0.04845   0.01556         0   0.06401        27       640    0.2521    0.4343    0.2433   0.05699   0.05243   0.01579         0
      2/99     11.7G   0.04985   0.01339         0   0.06323        34       640    0.3389    0.2929    0.1969   0.04171   0.04936   0.01489         0
      3/99     11.7G   0.04397    0.0125         0   0.05647        29       640     0.366    0.2916    0.2332   0.06148   0.04162   0.01405         0
      4/99     11.7G   0.04126   0.01117         0   0.05243        21       640    0.2611    0.2222    0.1474   0.02744    0.0439   0.01249         0
      5/99     11.7G   0.04599   0.01106         0   0.05705        24       640    0.3134     0.101    0.1227   0.02954   0.05881   0.01144         0
      6/99     11.7G   0.04128   0.01034         0   0.05162        25       640    0.3914    0.4242    0.3352    0.1056   0.05008   0.01123         0
      7/99     11.7G   0.04315  0.009766         0   0.05291        20       640    0.3051    0.3131    0.2245   0.05286   0.05034   0.01157         0
      8/99     11.7G   0.04137  0.009206         0   0.05058        24       640    0.5629    0.5859    0.5698    0.1611   0.04829   0.01127         0
      9/99     11.7G   0.04229  0.008872         0   0.05116        27       640    0.5252    0.5152    0.4005     0.135   0.06478  0.009892         0
     10/99     11.8G   0.05113  0.008197         0   0.05932        31       640    0.0621    0.2424   0.05396   0.01258   0.05469   0.01218         0
     11/99     11.8G   0.05015  0.008727         0   0.05888        29       640   0.06117   0.08081   0.02013  0.004687   0.06275   0.01149         0
     12/99     11.8G   0.04827  0.008445         0   0.05672        25       640   0.08341    0.1616   0.04856  0.009817   0.06744  0.009199         0
     13/99     11.8G   0.05731  0.008495         0   0.06581        24       640   0.01684    0.0202  0.002687 0.0007123   0.09285   0.01462         0
     14/99     11.8G   0.04816  0.008703         0   0.05686        30       640    0.3951    0.2626     0.197   0.05964   0.06697  0.009238         0
     15/99     11.8G   0.04743  0.008919         0   0.05635        31       640   0.08162    0.1111   0.03698  0.007932   0.07339   0.01049         0
     16/99     11.8G   0.04968  0.008639         0   0.05832        27       640    0.2886    0.2323    0.1963   0.05347   0.07543  0.009506         0
     17/99     11.8G   0.04542   0.00878         0    0.0542        36       640    0.2571    0.3232    0.1978   0.03971   0.07283  0.009818         0
     18/99     11.8G    0.0534  0.008108         0   0.06151        29       640    0.6294    0.2929    0.2756   0.09528   0.07369  0.009053         0
     19/99     11.8G   0.04538  0.008074         0   0.05346        27       640   0.01263    0.0404  0.002392 0.0003266   0.09931  0.006211         0
     20/99     11.8G   0.04802  0.008576         0    0.0566        31       640    0.1014   0.09091   0.03022  0.005806   0.07648  0.009862         0
     21/99     11.8G    0.0482  0.008043         0   0.05625        22       640   0.08458    0.2679   0.04485  0.006799   0.08063  0.008261         0
     22/99     11.8G   0.04688  0.007855         0   0.05473        27       640    0.0846    0.1414   0.05452   0.01128   0.07863   0.00877         0
     23/99     11.8G   0.05085  0.008192         0   0.05905        29       640    0.2495    0.1414   0.09145   0.02743   0.07421  0.009826         0
     24/99     11.8G   0.04309  0.008835         0   0.05193        26       640    0.0728    0.1818   0.04785   0.01213   0.07101   0.01087         0
     25/99     11.8G   0.05176  0.008746         0   0.06051        22       640    0.1841    0.1413   0.05459   0.01167   0.06963   0.01095         0
     26/99     11.8G   0.04455  0.008815         0   0.05336        34       640    0.1645    0.1818   0.07482   0.01546   0.06822   0.01037         0
     27/99     11.8G   0.04027  0.008859         0   0.04913        23       640     0.107    0.1313   0.03484  0.007909    0.0804  0.007123         0
     28/99     11.8G   0.05115  0.009838         0   0.06099        36       640   0.01666   0.05051  0.002754 0.0007095    0.1033  0.001158         0
     29/99     11.8G   0.04386  0.009141         0     0.053        35       640   0.00837   0.05051 0.0005656 9.613e-05    0.1017       nan         0
     30/99     11.8G   0.04025  0.008467         0   0.04872        20       640   0.01391    0.2828  0.005599 0.0008485    0.0924    0.2778         0
     31/99     11.8G   0.04361  0.008177         0   0.05178        22       640    0.1714    0.2424    0.1012   0.01852    0.0662  0.009113         0
     32/99     11.8G   0.03985   0.00796         0   0.04781        24       640    0.1084    0.1313   0.04315  0.007018   0.08274  0.006223         0
     33/99     11.8G    0.0392   0.00864         0   0.04784        23       640    0.1817    0.1111   0.07263   0.01581   0.08024   0.00895         0
     34/99     11.8G   0.04389  0.008262         0   0.05215        29       640    0.1385    0.1414   0.09723    0.0303   0.08104  0.007835         0
     35/99     11.8G   0.05556  0.008058         0   0.06361        29       640    0.4309    0.4949    0.3612    0.1329   0.06504   0.01062         0
     36/99     11.8G   0.04339  0.008851         0   0.05224        31       640    0.4294    0.4343    0.3899    0.1302   0.06488   0.01044         0
     37/99     11.8G    0.0452   0.00822         0   0.05342        26       640    0.6469    0.4442    0.4435    0.1579   0.06667  0.009863         0
     38/99     11.8G   0.04884  0.008383         0   0.05723        36       640    0.4771    0.4343     0.408    0.1408   0.05284   0.01059         0
     39/99     11.8G    0.0391  0.008297         0    0.0474        31       640    0.5339    0.3934    0.3746     0.141   0.04778   0.01116         0
     40/99     11.8G   0.03841   0.00855         0   0.04696        32       640    0.5831    0.2828    0.3147    0.1172   0.04759   0.01178         0
     41/99     11.8G   0.03872  0.008383         0    0.0471        23       640    0.5846    0.3131    0.3159    0.1156   0.04851   0.01204         0
     42/99     11.8G   0.04193  0.008464         0    0.0504        28       640    0.0963    0.2727   0.05918   0.02001   0.06142   0.01087         0
     43/99     11.8G    0.0429  0.008848         0   0.05175        29       640   0.05435    0.1515   0.03949    0.0118   0.05624   0.01337         0
     44/99     11.8G   0.04056  0.009141         0   0.04971        31       640    0.0494    0.3535   0.04098   0.01014   0.05387   0.01179         0
     45/99     11.8G   0.03903  0.009269         0    0.0483        26       640    0.1027    0.1313   0.03283  0.005185   0.06498   0.01071         0
     46/99     11.8G   0.04212  0.008772         0   0.05089        25       640    0.1557    0.1717   0.09681   0.01773   0.06639   0.01038         0
     47/99     11.8G   0.04148  0.008572         0   0.05006        25       640    0.2463    0.2727    0.1442   0.02904   0.05309   0.01112         0
     48/99     11.8G   0.03852  0.008374         0    0.0469        34       640     0.178    0.2222   0.08932   0.01913   0.04847   0.01243         0
     49/99     11.8G    0.0396  0.008763         0   0.04836        28       640   0.07311    0.1717   0.04668  0.008059   0.06814   0.01078         0
     50/99     11.8G   0.03528  0.008876         0   0.04416        25       640    0.4691    0.2929    0.2454    0.0739   0.05612   0.01109         0
     51/99     11.8G   0.03656  0.009018         0   0.04558        25       640     0.164    0.1313   0.07457   0.01809   0.07488  0.009606         0
     52/99     11.8G   0.03701  0.008728         0   0.04573        20       640   0.01778   0.05051  0.001898 0.0005211   0.08908    0.0254         0
     53/99     11.8G    0.0381  0.008967         0   0.04706        33       640   0.01219    0.0404  0.001391 0.0002236   0.09044   0.05092         0
     54/99     11.8G   0.03377     0.009         0   0.04277        25       640   0.01024    0.0404  0.001987 0.0003351   0.09052   0.01318         0
     55/99     11.8G   0.03672  0.009103         0   0.04582        28       640    0.0444    0.1212   0.01994  0.004362   0.08745  0.008526         0
     56/99     11.8G   0.03771  0.009122         0   0.04683        25       640    0.1574    0.2019   0.06443  0.009862    0.0787   0.02805         0
     57/99     11.8G   0.03663  0.009279         0   0.04591        30       640    0.1163    0.2525   0.06881   0.01843   0.06979   0.00921         0
     58/99     11.8G   0.03542  0.009004         0   0.04443        27       640    0.3727    0.3333    0.2621   0.08043   0.05457   0.01121         0
     59/99     11.8G   0.03221  0.009034         0   0.04124        31       640    0.4733    0.4646     0.388    0.1297   0.05112   0.01121         0
     60/99     11.8G   0.02776  0.008798         0   0.03656        26       640    0.4823    0.4545    0.4077     0.163    0.0456   0.01144         0
     61/99     11.8G   0.03927  0.008774         0   0.04804        23       640    0.5035    0.4848     0.406    0.1616   0.04487   0.01114         0
     62/99     11.8G    0.0328  0.008657         0   0.04146        20       640    0.4481    0.3939    0.3537     0.116   0.04424   0.01186         0
     63/99     11.8G   0.03679  0.008685         0   0.04548        25       640    0.5044    0.4747    0.3962    0.1329   0.05103   0.01126         0
     64/99     11.8G   0.03314  0.008772         0   0.04192        25       640    0.4285    0.3635    0.2784   0.06102   0.05566   0.01107         0
     65/99     11.8G   0.03085  0.008866         0   0.03972        33       640     0.579     0.403    0.3866    0.1287   0.05288   0.01079         0
     66/99     11.8G    0.0314  0.009045         0   0.04044        32       640    0.5868    0.4646    0.4843    0.1674   0.05044   0.01077         0
     67/99     11.8G   0.03309  0.008807         0    0.0419        27       640    0.5913    0.5556    0.5339    0.2093   0.04923   0.01049         0
     68/99     11.8G   0.03161  0.008516         0   0.04012        22       640    0.5832     0.636    0.5724    0.2342   0.04417   0.01109         0
     69/99     11.8G   0.03191  0.008675         0   0.04058        27       640     0.571    0.5657      0.55    0.2201    0.0447   0.01113         0
     70/99     11.8G   0.03506  0.008674         0   0.04373        25       640    0.5574    0.5657    0.5444    0.2357   0.04577   0.01099         0
     71/99     11.8G   0.03486  0.009008         0   0.04386        25       640     0.714    0.4539    0.5234    0.2145   0.04609   0.01132         0
     72/99     11.8G    0.0301  0.008902         0     0.039        29       640    0.6857    0.4646    0.4782    0.1823   0.04613    0.0115         0
     73/99     11.8G    0.0283  0.008608         0   0.03691        26       640    0.4916    0.6263    0.4743    0.1882   0.04729   0.01117         0
     74/99     11.8G    0.0306   0.00856         0   0.03916        29       640    0.5727    0.6566    0.5237    0.2155    0.0466   0.01124         0
     75/99     11.8G   0.03115  0.008496         0   0.03965        28       640    0.5687    0.6259    0.5234    0.2234   0.04681    0.0113         0
     76/99     11.8G   0.02978  0.008895         0   0.03867        29       640    0.5931    0.5741      0.54    0.2169   0.04685   0.01108         0
     77/99     11.8G    0.0315  0.008393         0   0.03989        30       640    0.4816    0.2727    0.2539   0.09726   0.04922   0.01176         0
     78/99     11.8G   0.02782   0.00868         0    0.0365        30       640    0.5578    0.3333    0.3158    0.1341   0.04804    0.0119         0
     79/99     11.8G   0.03289  0.008341         0   0.04124        23       640    0.6249    0.3029    0.3504    0.1359   0.04632   0.01186         0
     80/99     11.8G   0.02944  0.008016         0   0.03746        27       640    0.5214    0.3636    0.3638    0.1505   0.04609    0.0115         0
     81/99     11.8G   0.03379  0.008269         0   0.04206        20       640    0.6017    0.4141    0.4167    0.1584    0.0476   0.01128         0
     82/99     11.8G   0.02827  0.008577         0   0.03685        26       640    0.5375    0.5556      0.46    0.1844   0.04714   0.01125         0
     83/99     11.8G   0.02828  0.008017         0    0.0363        24       640    0.5936    0.5354    0.5023    0.1915    0.0461   0.01116         0
     84/99     11.8G   0.02912  0.008425         0   0.03755        19       640    0.6349    0.6162    0.5729    0.1956   0.04646   0.01135         0
     85/99     11.8G   0.02718  0.008079         0   0.03526        20       640    0.6098    0.6162    0.5567     0.225   0.04662   0.01119         0
     86/99     11.8G   0.03089  0.008109         0     0.039        26       640    0.7058    0.4949    0.5455    0.2369   0.04586   0.01084         0
     87/99     11.8G   0.03268   0.00856         0   0.04124        30       640    0.7219    0.5245     0.581    0.2128   0.04579   0.01065         0
     88/99     11.8G   0.02456  0.008207         0   0.03277        30       640    0.5795    0.5859    0.5634    0.2143   0.04591   0.01086         0
     89/99     11.8G    0.0282  0.008262         0   0.03646        23       640    0.6553    0.5455     0.532    0.2045    0.0464   0.01106         0
     90/99     11.8G   0.02698  0.007845         0   0.03482        30       640    0.6308    0.6559    0.6219    0.2385   0.04564   0.01076         0
     91/99     11.8G   0.02893  0.008329         0   0.03726        29       640      0.62    0.6262    0.5817    0.2355   0.04577   0.01109         0
     92/99     11.8G   0.02487  0.008053         0   0.03292        32       640    0.7373    0.5955    0.6297     0.262    0.0455   0.01091         0
     93/99     11.8G   0.02866  0.008411         0   0.03707        34       640    0.5988    0.6667    0.5849    0.2454   0.04576   0.01118         0
     94/99     11.8G   0.02731  0.007943         0   0.03526        24       640    0.6448     0.605    0.5421    0.2362    0.0458   0.01141         0
     95/99     11.8G   0.03139  0.008481         0   0.03987        35       640    0.5848    0.6465    0.5495    0.2176   0.04549   0.01188         0
     96/99     11.8G   0.02969  0.008222         0   0.03791        29       640    0.7064    0.5834    0.5746    0.2336   0.04513   0.01182         0
     97/99     11.8G   0.02917  0.007914         0   0.03709        35       640    0.6925    0.6162    0.6018    0.2643   0.04454   0.01144         0
     98/99     11.8G   0.03064  0.007947         0   0.03859        28       640    0.6499    0.5859    0.5787    0.2497   0.04542    0.0114         0
     99/99     11.8G   0.03015  0.008131         0   0.03828        33       640    0.7517    0.5859    0.5946    0.2577   0.04512   0.01133         0
