      0/99     2.07G   0.05187   0.02041   0.01317   0.08545        75       640   0.06678    0.2556   0.04994   0.01004   0.05551   0.02204    0.0112
      1/99     13.2G   0.04269   0.02117   0.01105   0.07491        80       640    0.1267    0.4048    0.1057   0.02248   0.04822   0.02199  0.008757
      2/99     14.2G   0.03737   0.02128  0.009925   0.06857        55       640    0.1378    0.5142     0.127    0.0272   0.04451   0.02163  0.007177
      3/99     14.2G   0.03905   0.02078   0.00848    0.0683        86       640    0.2909    0.6291    0.3043    0.1015   0.04655   0.02033  0.006022
      4/99     14.2G   0.03308   0.01927  0.007102   0.05945        84       640    0.4671    0.6142    0.5103    0.1947   0.03623   0.01954  0.005558
      5/99     14.2G   0.02727   0.01758  0.005115   0.04996        88       640    0.7261    0.6944    0.7445    0.4358   0.03594   0.01834  0.005007
      6/99     14.2G   0.02946   0.01582  0.005151   0.05043        84       640    0.6809    0.7397     0.742    0.4568   0.03562   0.01573  0.004919
      7/99     14.2G   0.02868   0.01391  0.004051   0.04665        88       640    0.6477    0.7106    0.6921    0.3984    0.0538   0.01295  0.003811
      8/99     14.2G   0.03115   0.01285  0.003694   0.04769        68       640    0.8276    0.7502    0.8606    0.4498   0.06806   0.01239  0.003664
      9/99     14.2G   0.03459   0.01294  0.003725   0.05125        79       640    0.7176    0.6214    0.6827     0.295   0.06895   0.01316  0.004501
     10/99     14.2G   0.03218   0.01277   0.00401   0.04896        76       640    0.5378    0.6883    0.6037    0.2575   0.07319   0.01381  0.004525
     11/99     14.2G   0.03567     0.013  0.004897   0.05356        86       640    0.6148    0.6714    0.6666     0.309   0.06479   0.01468  0.005642
     12/99     14.2G    0.0364    0.0137  0.004894   0.05499        65       640    0.4698    0.6536    0.5623    0.2834   0.04649   0.01812  0.005882
     13/99     14.2G   0.03768   0.01481  0.004807   0.05729        75       640    0.7464     0.701    0.7688     0.384   0.04617   0.01747  0.005125
     14/99     14.2G   0.03783   0.01339  0.004739   0.05596        59       640    0.5916    0.6086    0.6332    0.2936   0.04526   0.01884  0.004581
     15/99     14.2G    0.0334   0.01452   0.00648   0.05441        77       640    0.5854    0.3993    0.4831     0.273   0.05552    0.0207  0.005627
     16/99     14.2G   0.04349   0.01696  0.006152    0.0666        88       640   0.03746    0.2522   0.02329  0.004209     0.074   0.02034  0.007418
     17/99     14.2G   0.04613   0.01817  0.008071   0.07238        75       640   0.03118    0.3728    0.0273  0.004662   0.08775    0.0184   0.01639
     18/99     14.2G   0.04486   0.01812  0.007243   0.07022        69       640    0.1612    0.2539    0.1411   0.02939   0.08023   0.02266   0.01055
     19/99     14.2G   0.03663   0.01898  0.006414   0.06202        71       640    0.0508   0.06516   0.01562  0.002791   0.09098   0.03498   0.05819
     20/99     14.2G   0.03571   0.01963  0.005302   0.06064        65       640   0.09344    0.2153   0.06429     0.011   0.06895   0.02259  0.008461
     21/99     14.2G   0.03494   0.01958  0.005813   0.06033        87       640    0.3699    0.4192    0.3355   0.09351   0.06854   0.01926  0.006722
     22/99     14.2G     0.033   0.01918  0.004725    0.0569        90       640    0.1182     0.397    0.1188   0.02336    0.0704   0.01927  0.007437
     23/99     14.2G   0.03648   0.01821  0.005002    0.0597        83       640    0.1771      0.35    0.1333   0.02693   0.06778   0.02071   0.00693
     24/99     14.2G   0.03689   0.01785  0.008345   0.06309       102       640    0.0907    0.2497   0.07334   0.01736   0.07277   0.02085   0.09707
     25/99     14.2G   0.03773   0.01789   0.00552   0.06114        73       640   0.03718    0.3159    0.0287  0.006527   0.09074   0.09492     2.635
     26/99     14.2G   0.04155   0.01758  0.004871     0.064        84       640   0.01697   0.05891  0.004646 0.0009688   0.08699   0.02089     1.737
     27/99     14.2G   0.03034   0.01753  0.004232    0.0521        93       640   0.04874    0.1489   0.04335   0.01119    0.0603   0.09547    0.6124
     28/99     14.2G   0.03102   0.01783  0.004924   0.05376       109       640    0.1138     0.627    0.1269   0.03443   0.04333   0.02949   0.05942
     29/99     14.2G   0.03297   0.01721  0.005839   0.05602        95       640    0.2234    0.4389    0.1992   0.06066   0.06733   0.02118   0.01381
     30/99     14.2G   0.03179   0.01656  0.003703   0.05205        79       640    0.2942    0.5058    0.2812    0.0511   0.06551   0.02978    0.2585
     31/99     14.2G   0.04524    0.0171  0.004161   0.06651       101       640    0.4976    0.4706    0.4837    0.1781   0.06137   0.01969   0.06346
     32/99     14.2G    0.0336   0.01703  0.005652   0.05628        83       640    0.5057     0.509    0.4683    0.1843   0.06502   0.02258   0.03113
     33/99     14.2G   0.02688   0.01734  0.003782     0.048        71       640    0.4004    0.3966    0.3622    0.1214    0.0714   0.02092   0.01072
     34/99     14.2G   0.03279   0.01651  0.005042   0.05435        84       640    0.3558    0.4209     0.334   0.06851    0.0696   0.02104  0.008667
     35/99     14.2G   0.03883   0.01628  0.007473   0.06258        67       640    0.5308    0.4726    0.4961     0.187   0.06752   0.02066  0.006246
     36/99     14.2G    0.0356   0.01538  0.005834    0.0568        71       640     0.566    0.5655      0.56    0.2321   0.06568   0.01813   0.01323
     37/99     14.2G   0.04043   0.01549   0.00463   0.06055        81       640     0.627    0.6311    0.6415    0.3396   0.06441   0.01658  0.008245
     38/99     14.2G   0.02776   0.01481  0.003667   0.04624        97       640    0.6597    0.6672    0.6836     0.372   0.06498   0.01592   0.01243
     39/99     14.2G   0.03117   0.01483  0.005808   0.05181        85       640    0.7772    0.8104    0.8249    0.4187   0.06464   0.01457  0.009758
     40/99     14.2G   0.03158   0.01451   0.00512    0.0512        83       640    0.7504     0.737    0.8082    0.3665   0.06579   0.01455   0.01512
     41/99     14.2G   0.03341    0.0142   0.00564   0.05325        65       640    0.7342    0.7637    0.7948    0.4728   0.06715   0.01422   0.02396
     42/99     14.2G   0.03198    0.0142  0.004314   0.05049        73       640    0.7923     0.727    0.8035    0.4674   0.06597   0.01504   0.02636
     43/99     14.2G    0.0287    0.0141  0.003418   0.04622        86       640    0.8652    0.7349    0.8459    0.4841   0.06588    0.0142  0.006176
     44/99     14.2G   0.02712   0.01369  0.003852   0.04467        70       640    0.7508    0.7495    0.8069    0.4234   0.06514   0.01508  0.006558
     45/99     14.2G   0.02868   0.01403  0.004842   0.04755        80       640    0.8683      0.72    0.8034    0.4725    0.0655   0.01406  0.005869
     46/99     14.2G   0.02326   0.01437  0.004663   0.04229        69       640    0.7575    0.7201    0.7846    0.4174   0.06506    0.0157  0.005443
     47/99     14.2G   0.02885   0.01414  0.005917   0.04891        93       640    0.7551    0.6849    0.7211    0.3812   0.06354   0.01704  0.007536
     48/99     14.2G   0.02883   0.01534  0.003835     0.048        79       640    0.5973    0.4714    0.4506    0.2126   0.06314    0.0247  0.009856
     49/99     14.2G   0.02618   0.01589  0.003881   0.04596        78       640    0.6506    0.7498    0.7257    0.3582   0.06231   0.01767  0.006997
     50/99     14.2G   0.02615   0.01569  0.004324   0.04617        79       640    0.6554    0.7436    0.7086    0.4047   0.06444   0.01534  0.008522
     51/99     14.2G   0.03247   0.01628  0.005123   0.05387        94       640    0.7362    0.6463    0.7126    0.3752   0.06457    0.0153   0.01599
     52/99     14.2G   0.03048   0.01539  0.003172   0.04905        71       640    0.7767    0.7225    0.7799      0.46   0.06586   0.01383   0.02586
     53/99     14.2G   0.02731   0.01469  0.005098    0.0471        82       640    0.7365    0.8042    0.7971     0.418   0.06512   0.01408    0.0317
     54/99     14.2G   0.02983    0.0145  0.005024   0.04935        99       640    0.7444    0.8158     0.819    0.4494   0.06712    0.0141   0.03506
     55/99     14.2G   0.02834   0.01392  0.004914   0.04718        78       640    0.7277    0.8427     0.845      0.45   0.06544   0.01359   0.02512
     56/99     14.2G   0.02675   0.01349  0.004368    0.0446        96       640    0.8663    0.7483    0.8205     0.475   0.06438   0.01411  0.009827
     57/99     14.2G   0.02581   0.01374  0.003838   0.04338        69       640    0.8052    0.8333     0.867      0.49   0.06385   0.01308   0.01505
     58/99     14.2G   0.02978    0.0133  0.004077   0.04716        94       640    0.8615     0.865    0.8969    0.4881   0.06333   0.01335   0.01202
     59/99     14.2G   0.02676   0.01268  0.005256    0.0447        79       640    0.8759    0.7811    0.8694    0.5178   0.06466   0.01317   0.01339
     60/99     14.2G   0.03024   0.01285  0.007376   0.05046        69       640     0.899    0.7548    0.8729    0.5102   0.06442   0.01326   0.01449
     61/99     14.2G    0.0281   0.01301  0.004421   0.04553        91       640    0.8416    0.7607    0.8414     0.503   0.06434   0.01428   0.01378
     62/99     14.2G   0.02525   0.01233  0.006248   0.04383        89       640    0.8956    0.7731    0.8713    0.5096   0.06342   0.01388   0.01126
     63/99     14.2G   0.02793   0.01219  0.004302   0.04442        81       640    0.7962    0.8222    0.8677    0.5196   0.06373   0.01372   0.01085
     64/99     14.2G   0.02728   0.01239  0.004117   0.04379        66       640    0.8885    0.8171    0.8796    0.5394   0.06208   0.01393  0.009572
     65/99     14.2G   0.02379   0.01352  0.003685   0.04099        66       640    0.8779    0.8481    0.8954    0.5576   0.05982   0.01358    0.0104
     66/99     14.2G   0.02518   0.01184  0.005029   0.04205        80       640    0.8736     0.767      0.87    0.5099   0.05841   0.01424   0.01022
     67/99     14.2G     0.025   0.01244  0.004177   0.04162        67       640    0.8187    0.8591    0.8934    0.5404   0.05721   0.01351  0.009412
     68/99     14.2G   0.02215   0.01211  0.003237    0.0375        90       640    0.8892    0.8273    0.9139    0.5496   0.05819   0.01319  0.008724
     69/99     14.2G   0.02564   0.01145  0.003886   0.04097        67       640     0.838    0.8681     0.911    0.5473   0.05651   0.01387  0.007887
     70/99     14.2G   0.02754   0.01171  0.003725   0.04298        86       640    0.9021    0.8272    0.9085    0.4992   0.05465   0.01459  0.007152
     71/99     14.2G   0.02876   0.01206  0.004276    0.0451        87       640    0.9062    0.8364    0.9188    0.5593   0.05245   0.01455  0.007066
     72/99     14.2G   0.02497   0.01212   0.00476   0.04186        75       640    0.9628    0.8231    0.9269    0.5838   0.05306   0.01399  0.007237
     73/99     14.2G   0.02667   0.01218  0.004088   0.04294        77       640    0.8802    0.9068    0.9257    0.5697   0.05451    0.0136  0.007018
     74/99     14.2G   0.02559   0.01171   0.00421    0.0415        79       640    0.8917    0.8684    0.9047    0.5162   0.05478   0.01376  0.006889
     75/99     14.2G   0.02533   0.01188   0.00434   0.04155        82       640    0.7936    0.8895    0.8678    0.4921   0.05122   0.01512  0.007252
     76/99     14.2G   0.02383   0.01195  0.003683   0.03946        84       640    0.8937    0.8443    0.9027    0.5799    0.0448   0.01524  0.007046
     77/99     14.2G   0.02424   0.01172  0.003815   0.03977        90       640    0.8978      0.87    0.9161    0.5565   0.04221    0.0161  0.007125
     78/99     14.2G   0.02589   0.01148  0.004696   0.04207        70       640    0.9033    0.8611    0.9211    0.6008   0.04066   0.01551  0.007514
     79/99     14.2G   0.02158   0.01157  0.004029   0.03718        80       640    0.9261    0.8564     0.922    0.6193   0.04316   0.01543  0.008546
     80/99     14.2G   0.02107   0.01136  0.003491   0.03593        92       640    0.9484    0.8393     0.922    0.6227   0.04164   0.01591   0.01006
     81/99     14.2G   0.02273   0.01154  0.003013   0.03729        78       640    0.9464    0.8667    0.9299    0.6193   0.04074   0.01531   0.01061
     82/99     14.2G   0.02954   0.01193  0.005896   0.04737        90       640    0.9265    0.8473     0.917    0.6046   0.04253   0.01537   0.01253
     83/99     14.2G   0.02742   0.01106  0.003709   0.04219        75       640    0.9219    0.8202    0.9073    0.6022   0.04356   0.01547   0.01414
     84/99     14.2G   0.02113   0.01186  0.003233   0.03622        74       640    0.9392     0.887    0.9203    0.6034    0.0449   0.01543   0.01236
     85/99     14.2G   0.02404   0.01151  0.003855    0.0394        76       640    0.9619    0.8797    0.9296    0.6059   0.04418   0.01547   0.01158
     86/99     14.2G   0.02552   0.01116  0.003494   0.04018        70       640     0.941    0.8745    0.9287    0.5849   0.04431   0.01551  0.009555
     87/99     14.2G   0.02593   0.01153  0.003564   0.04103       105       640    0.9588      0.85    0.9296    0.5898    0.0443   0.01571  0.008654
     88/99     14.2G   0.02478    0.0112  0.003394   0.03938        81       640    0.9554      0.86    0.9157    0.5895   0.04315   0.01599   0.00788
     89/99     14.2G   0.02584   0.01121  0.003088   0.04014        78       640    0.9097    0.8867      0.92    0.5845    0.0432   0.01558  0.008314
     90/99     14.2G   0.02773   0.01117  0.004224   0.04312        72       640    0.9163    0.8765    0.9202     0.596   0.04374   0.01516   0.01067
     91/99     14.2G   0.02321   0.01118   0.00273   0.03712        97       640    0.8861    0.8728    0.9174     0.604   0.04309   0.01519   0.01412
     92/99     14.2G   0.02249   0.01109  0.002841   0.03643        82       640    0.9197    0.8627    0.9195    0.6002   0.04293   0.01532    0.0138
     93/99     14.2G   0.02146    0.0111   0.00263   0.03519        72       640    0.9285    0.8546    0.9218    0.5878   0.04282   0.01525   0.01275
     94/99     14.2G   0.02049   0.01111  0.003141   0.03473        77       640    0.9482    0.8459    0.9218     0.591   0.04289   0.01546    0.0109
     95/99     14.2G   0.02326   0.01104  0.003534   0.03783        77       640    0.9647    0.8298    0.9247    0.5969   0.04299   0.01562   0.01033
     96/99     14.2G   0.02099   0.01098   0.00242   0.03439        75       640    0.9605     0.851    0.9237    0.6123   0.04128   0.01583   0.01057
     97/99     14.2G   0.02157   0.01123  0.002768   0.03558        68       640    0.9053    0.8845    0.9218    0.6045     0.041   0.01588   0.01105
     98/99     14.2G   0.02296   0.01098  0.002975   0.03691        81       640    0.9679    0.8296    0.9231    0.6081   0.04262   0.01574   0.01091
     99/99     14.2G   0.02054   0.01083  0.002973   0.03434        76       640    0.9498    0.8578     0.918    0.5979    0.0438   0.01556   0.01135
